00000000000000000000000000000000011111111
11111111111111111111111111111111111111111
00000000000000000000000000000000000000001
11111111111111111111111111111111111111101
00000000000000000000000000000000000000011
11111111111111111111111111111111111111011
00000000000000000000000000000000000000101
11111111111111111111111111111111111111001
00000000000000000000000000000000000000111
11111111111111111111111111111111111110111
00000000000000000000000000000000000001001
11111111111111111111111111111111111110101
00000000000000000000000000000000000001011
11111111111111111111111111111111111110011
00000000000000000000000000000000000001101
11111111111111111111111111111111111110001
00000000000000000000000000000000000001111
11111111111111111111111111111111111101111
00000000000000000000000000000000000010001
11111111111111111111111111111111111101101
00000000000000000000000000000000000010011
11111111111111111111111111111111111101011
00000000000000000000000000000000000010101
11111111111111111111111111111111111101001
00000000000000000000000000000000000010111
11111111111111111111111111111111111100111
00000000000000000000000000000000000011001
11111111111111111111111111111111111100101
00000000000000000000000000000000000011011
11111111111111111111111111111111111100011
00000000000000000000000000000000000011101
11111111111111111111111111111111111100001
00000000000000000000000000000000000011111
11111111111111111111111111111111111011111
00000000000000000000000000000000000100001
11111111111111111111111111111111111011101
00000000000000000000000000000000000100011
11111111111111111111111111111111111011011
00000000000000000000000000000000000100101
11111111111111111111111111111111111011001
00000000000000000000000000000000000100111
11111111111111111111111111111111111010111
00000000000000000000000000000000000101001
11111111111111111111111111111111111010101
00000000000000000000000000000000000101011
11111111111111111111111111111111111010011
00000000000000000000000000000000000101101
11111111111111111111111111111111111010001
00000000000000000000000000000000000101111
11111111111111111111111111111111111001111
00000000000000000000000000000000000110001
11111111111111111111111111111111111001101
00000000000000000000000000000000000110011
11111111111111111111111111111111111001011
00000000000000000000000000000000000110101
11111111111111111111111111111111111001001
00000000000000000000000000000000000110111
11111111111111111111111111111111111000111
00000000000000000000000000000000000111001
11111111111111111111111111111111111000101
00000000000000000000000000000000000111011
11111111111111111111111111111111111000011
00000000000000000000000000000000000111101
11111111111111111111111111111111111000001
00000000000000000000000000000000000111111
11111111111111111111111111111111110111111
00000000000000000000000000000000001000001
11111111111111111111111111111111110111101
00000000000000000000000000000000001000011
11111111111111111111111111111111110111011
00000000000000000000000000000000001000101
11111111111111111111111111111111110111001
00000000000000000000000000000000001000111
11111111111111111111111111111111110110111
00000000000000000000000000000000001001001
11111111111111111111111111111111110110101
00000000000000000000000000000000001001011
11111111111111111111111111111111110110011
00000000000000000000000000000000001001101
11111111111111111111111111111111110110001
00000000000000000000000000000000001001111
11111111111111111111111111111111110101111
00000000000000000000000000000000001010001
11111111111111111111111111111111110101101
00000000000000000000000000000000001010011
11111111111111111111111111111111110101011
00000000000000000000000000000000001010101
11111111111111111111111111111111110101001
00000000000000000000000000000000001010111
11111111111111111111111111111111110100111
00000000000000000000000000000000001011001
11111111111111111111111111111111110100101
00000000000000000000000000000000001011011
11111111111111111111111111111111110100011
00000000000000000000000000000000001011101
11111111111111111111111111111111110100001
00000000000000000000000000000000001011111
11111111111111111111111111111111110011111
00000000000000000000000000000000001100001
11111111111111111111111111111111110011101
00000000000000000000000000000000001100011
11111111111111111111111111111111110011011
00000000000000000000000000000000001100101
11111111111111111111111111111111110011001
00000000000000000000000000000000001100111
11111111111111111111111111111111110010111
00000000000000000000000000000000001101001
11111111111111111111111111111111110010101
00000000000000000000000000000000001101011
11111111111111111111111111111111110010011
00000000000000000000000000000000001101101
11111111111111111111111111111111110010001
00000000000000000000000000000000001101111
11111111111111111111111111111111110001111
00000000000000000000000000000000001110001
11111111111111111111111111111111110001101
00000000000000000000000000000000001110011
11111111111111111111111111111111110001011
00000000000000000000000000000000001110101
11111111111111111111111111111111110001001
00000000000000000000000000000000001110111
11111111111111111111111111111111110000111
00000000000000000000000000000000001111001
11111111111111111111111111111111110000101
00000000000000000000000000000000001111011
11111111111111111111111111111111110000011
00000000000000000000000000000000001111101
11111111111111111111111111111111110000001
00000000000000000000000000000000001111111
11111111111111111111111111111111101111111
00000000000000000000000000000000010000001
11111111111111111111111111111111101111101
00000000000000000000000000000000010000011
11111111111111111111111111111111101111011
00000000000000000000000000000000010000101
11111111111111111111111111111111101111001
00000000000000000000000000000000010000111
11111111111111111111111111111111101110111
00000000000000000000000000000000010001001
11111111111111111111111111111111101110101
00000000000000000000000000000000010001011
11111111111111111111111111111111101110011
00000000000000000000000000000000010001101
11111111111111111111111111111111101110001
00000000000000000000000000000000010001111
11111111111111111111111111111111101101111
00000000000000000000000000000000010010001
11111111111111111111111111111111101101101
00000000000000000000000000000000010010011
11111111111111111111111111111111101101011
00000000000000000000000000000000010010101
11111111111111111111111111111111101101001
00000000000000000000000000000000010010111
11111111111111111111111111111111101100111
00000000000000000000000000000000010011001
11111111111111111111111111111111101100101
00000000000000000000000000000000010011011
11111111111111111111111111111111101100011
00000000000000000000000000000000010011101
11111111111111111111111111111111101100001
00000000000000000000000000000000010011111
11111111111111111111111111111111101011111
00000000000000000000000000000000010100001
11111111111111111111111111111111101011101
00000000000000000000000000000000010100011
11111111111111111111111111111111101011011
00000000000000000000000000000000010100101
11111111111111111111111111111111101011001
00000000000000000000000000000000010100111
11111111111111111111111111111111101010111
00000000000000000000000000000000010101001
11111111111111111111111111111111101010101
00000000000000000000000000000000010101011
11111111111111111111111111111111101010011
00000000000000000000000000000000010101101
11111111111111111111111111111111101010001
00000000000000000000000000000000010101111
11111111111111111111111111111111101001111
00000000000000000000000000000000010110001
11111111111111111111111111111111101001101
00000000000000000000000000000000010110011
11111111111111111111111111111111101001011
00000000000000000000000000000000010110101
11111111111111111111111111111111101001001
00000000000000000000000000000000010110111
11111111111111111111111111111111101000111
00000000000000000000000000000000010111001
11111111111111111111111111111111101000101
00000000000000000000000000000000010111011
11111111111111111111111111111111101000011
00000000000000000000000000000000010111101
11111111111111111111111111111111101000001
00000000000000000000000000000000010111111
11111111111111111111111111111111100111111
00000000000000000000000000000000011000001
11111111111111111111111111111111100111101
00000000000000000000000000000000011000011
11111111111111111111111111111111100111011
00000000000000000000000000000000011000101
11111111111111111111111111111111100111001
00000000000000000000000000000000011000111
11111111111111111111111111111111100110111
00000000000000000000000000000000011001001
11111111111111111111111111111111100110101
00000000000000000000000000000000011001011
11111111111111111111111111111111100110011
00000000000000000000000000000000011001101
11111111111111111111111111111111100110001
00000000000000000000000000000000011001111
11111111111111111111111111111111100101111
00000000000000000000000000000000011010001
11111111111111111111111111111111100101101
00000000000000000000000000000000011010011
11111111111111111111111111111111100101011
00000000000000000000000000000000011010101
11111111111111111111111111111111100101001
00000000000000000000000000000000011010111
11111111111111111111111111111111100100111
00000000000000000000000000000000011011001
11111111111111111111111111111111100100101
00000000000000000000000000000000011011011
11111111111111111111111111111111100100011
00000000000000000000000000000000011011101
11111111111111111111111111111111100100001
00000000000000000000000000000000011011111
11111111111111111111111111111111100011111
00000000000000000000000000000000011100001
11111111111111111111111111111111100011101
00000000000000000000000000000000011100011
11111111111111111111111111111111100011011
00000000000000000000000000000000011100101
11111111111111111111111111111111100011001
00000000000000000000000000000000011100111
11111111111111111111111111111111100010111
00000000000000000000000000000000011101001
11111111111111111111111111111111100010101
00000000000000000000000000000000011101011
11111111111111111111111111111111100010011
00000000000000000000000000000000011101101
11111111111111111111111111111111100010001
00000000000000000000000000000000011101111
11111111111111111111111111111111100001111
00000000000000000000000000000000011110001
11111111111111111111111111111111100001101
00000000000000000000000000000000011110011
11111111111111111111111111111111100001011
00000000000000000000000000000000011110101
11111111111111111111111111111111100001001
00000000000000000000000000000000011110111
11111111111111111111111111111111100000111
00000000000000000000000000000000011111001
11111111111111111111111111111111100000101
00000000000000000000000000000000011111011
11111111111111111111111111111111100000011
00000000000000000000000000000000011111101
11111111111111111111111111111111100000001
