11111111111111111111111111111111111111111
00000000000000000000000000000000000000000
10000000100000001000000010000000100000001
00000001000000010000000100000001000000010
10000001100000011000000110000001100000011
00000010000000100000001000000010000000100
10000010100000101000001010000010100000101
00000011000000110000001100000011000000110
10000011100000111000001110000011100000111
00000100000001000000010000000100000001000
10000100100001001000010010000100100001001
00000101000001010000010100000101000001010
10000101100001011000010110000101100001011
00000110000001100000011000000110000001100
10000110100001101000011010000110100001101
00000111000001110000011100000111000001110
10000111100001111000011110000111100001111
00001000000010000000100000001000000010000
10001000100010001000100010001000100010001
00001001000010010000100100001001000010010
10001001100010011000100110001001100010011
00001010000010100000101000001010000010100
10001010100010101000101010001010100010101
00001011000010110000101100001011000010110
10001011100010111000101110001011100010111
00001100000011000000110000001100000011000
10001100100011001000110010001100100011001
00001101000011010000110100001101000011010
10001101100011011000110110001101100011011
00001110000011100000111000001110000011100
10001110100011101000111010001110100011101
00001111000011110000111100001111000011110
10001111100011111000111110001111100011111
00010000000100000001000000010000000100000
10010000100100001001000010010000100100001
00010001000100010001000100010001000100010
10010001100100011001000110010001100100011
00010010000100100001001000010010000100100
10010010100100101001001010010010100100101
00010011000100110001001100010011000100110
10010011100100111001001110010011100100111
00010100000101000001010000010100000101000
10010100100101001001010010010100100101001
00010101000101010001010100010101000101010
10010101100101011001010110010101100101011
00010110000101100001011000010110000101100
10010110100101101001011010010110100101101
00010111000101110001011100010111000101110
10010111100101111001011110010111100101111
00011000000110000001100000011000000110000
10011000100110001001100010011000100110001
00011001000110010001100100011001000110010
10011001100110011001100110011001100110011
00011010000110100001101000011010000110100
10011010100110101001101010011010100110101
00011011000110110001101100011011000110110
10011011100110111001101110011011100110111
00011100000111000001110000011100000111000
10011100100111001001110010011100100111001
00011101000111010001110100011101000111010
10011101100111011001110110011101100111011
00011110000111100001111000011110000111100
10011110100111101001111010011110100111101
00011111000111110001111100011111000111110
10011111100111111001111110011111100111111
00100000001000000010000000100000001000000
10100000101000001010000010100000101000001
00100001001000010010000100100001001000010
10100001101000011010000110100001101000011
00100010001000100010001000100010001000100
10100010101000101010001010100010101000101
00100011001000110010001100100011001000110
10100011101000111010001110100011101000111
00100100001001000010010000100100001001000
10100100101001001010010010100100101001001
00100101001001010010010100100101001001010
10100101101001011010010110100101101001011
00100110001001100010011000100110001001100
10100110101001101010011010100110101001101
00100111001001110010011100100111001001110
10100111101001111010011110100111101001111
00101000001010000010100000101000001010000
10101000101010001010100010101000101010001
00101001001010010010100100101001001010010
10101001101010011010100110101001101010011
00101010001010100010101000101010001010100
10101010101010101010101010101010101010101
00101011001010110010101100101011001010110
10101011101010111010101110101011101010111
00101100001011000010110000101100001011000
10101100101011001010110010101100101011001
00101101001011010010110100101101001011010
10101101101011011010110110101101101011011
00101110001011100010111000101110001011100
10101110101011101010111010101110101011101
00101111001011110010111100101111001011110
10101111101011111010111110101111101011111
00110000001100000011000000110000001100000
10110000101100001011000010110000101100001
00110001001100010011000100110001001100010
10110001101100011011000110110001101100011
00110010001100100011001000110010001100100
10110010101100101011001010110010101100101
00110011001100110011001100110011001100110
10110011101100111011001110110011101100111
00110100001101000011010000110100001101000
10110100101101001011010010110100101101001
00110101001101010011010100110101001101010
10110101101101011011010110110101101101011
00110110001101100011011000110110001101100
10110110101101101011011010110110101101101
00110111001101110011011100110111001101110
10110111101101111011011110110111101101111
00111000001110000011100000111000001110000
10111000101110001011100010111000101110001
00111001001110010011100100111001001110010
10111001101110011011100110111001101110011
00111010001110100011101000111010001110100
10111010101110101011101010111010101110101
00111011001110110011101100111011001110110
10111011101110111011101110111011101110111
00111100001111000011110000111100001111000
10111100101111001011110010111100101111001
00111101001111010011110100111101001111010
10111101101111011011110110111101101111011
00111110001111100011111000111110001111100
10111110101111101011111010111110101111101
00111111001111110011111100111111001111110
10111111101111111011111110111111101111111
01000000010000000100000001000000010000000
11000000110000001100000011000000110000001
01000001010000010100000101000001010000010
11000001110000011100000111000001110000011
01000010010000100100001001000010010000100
11000010110000101100001011000010110000101
01000011010000110100001101000011010000110
11000011110000111100001111000011110000111
01000100010001000100010001000100010001000
11000100110001001100010011000100110001001
01000101010001010100010101000101010001010
11000101110001011100010111000101110001011
01000110010001100100011001000110010001100
11000110110001101100011011000110110001101
01000111010001110100011101000111010001110
11000111110001111100011111000111110001111
01001000010010000100100001001000010010000
11001000110010001100100011001000110010001
01001001010010010100100101001001010010010
11001001110010011100100111001001110010011
01001010010010100100101001001010010010100
11001010110010101100101011001010110010101
01001011010010110100101101001011010010110
11001011110010111100101111001011110010111
01001100010011000100110001001100010011000
11001100110011001100110011001100110011001
01001101010011010100110101001101010011010
11001101110011011100110111001101110011011
01001110010011100100111001001110010011100
11001110110011101100111011001110110011101
01001111010011110100111101001111010011110
11001111110011111100111111001111110011111
01010000010100000101000001010000010100000
11010000110100001101000011010000110100001
01010001010100010101000101010001010100010
11010001110100011101000111010001110100011
01010010010100100101001001010010010100100
11010010110100101101001011010010110100101
01010011010100110101001101010011010100110
11010011110100111101001111010011110100111
01010100010101000101010001010100010101000
11010100110101001101010011010100110101001
01010101010101010101010101010101010101010
11010101110101011101010111010101110101011
01010110010101100101011001010110010101100
11010110110101101101011011010110110101101
01010111010101110101011101010111010101110
11010111110101111101011111010111110101111
01011000010110000101100001011000010110000
11011000110110001101100011011000110110001
01011001010110010101100101011001010110010
11011001110110011101100111011001110110011
01011010010110100101101001011010010110100
11011010110110101101101011011010110110101
01011011010110110101101101011011010110110
11011011110110111101101111011011110110111
01011100010111000101110001011100010111000
11011100110111001101110011011100110111001
01011101010111010101110101011101010111010
11011101110111011101110111011101110111011
01011110010111100101111001011110010111100
11011110110111101101111011011110110111101
01011111010111110101111101011111010111110
11011111110111111101111111011111110111111
01100000011000000110000001100000011000000
11100000111000001110000011100000111000001
01100001011000010110000101100001011000010
11100001111000011110000111100001111000011
01100010011000100110001001100010011000100
11100010111000101110001011100010111000101
01100011011000110110001101100011011000110
11100011111000111110001111100011111000111
01100100011001000110010001100100011001000
11100100111001001110010011100100111001001
01100101011001010110010101100101011001010
11100101111001011110010111100101111001011
01100110011001100110011001100110011001100
11100110111001101110011011100110111001101
01100111011001110110011101100111011001110
11100111111001111110011111100111111001111
01101000011010000110100001101000011010000
11101000111010001110100011101000111010001
01101001011010010110100101101001011010010
11101001111010011110100111101001111010011
01101010011010100110101001101010011010100
11101010111010101110101011101010111010101
01101011011010110110101101101011011010110
11101011111010111110101111101011111010111
01101100011011000110110001101100011011000
11101100111011001110110011101100111011001
01101101011011010110110101101101011011010
11101101111011011110110111101101111011011
01101110011011100110111001101110011011100
11101110111011101110111011101110111011101
01101111011011110110111101101111011011110
11101111111011111110111111101111111011111
01110000011100000111000001110000011100000
11110000111100001111000011110000111100001
01110001011100010111000101110001011100010
11110001111100011111000111110001111100011
01110010011100100111001001110010011100100
11110010111100101111001011110010111100101
01110011011100110111001101110011011100110
11110011111100111111001111110011111100111
01110100011101000111010001110100011101000
11110100111101001111010011110100111101001
01110101011101010111010101110101011101010
11110101111101011111010111110101111101011
01110110011101100111011001110110011101100
11110110111101101111011011110110111101101
01110111011101110111011101110111011101110
11110111111101111111011111110111111101111
01111000011110000111100001111000011110000
11111000111110001111100011111000111110001
01111001011110010111100101111001011110010
11111001111110011111100111111001111110011
01111010011110100111101001111010011110100
11111010111110101111101011111010111110101
01111011011110110111101101111011011110110
11111011111110111111101111111011111110111
01111100011111000111110001111100011111000
11111100111111001111110011111100111111001
01111101011111010111110101111101011111010
11111101111111011111110111111101111111011
01111110011111100111111001111110011111100
11111110111111101111111011111110111111101
01111111011111110111111101111111011111110
