11111111111111111111111111111111111111111
11111111111111111111111111111111111111111
10000000100000001000000010000000100000001
11111110111111101111111011111110111111101
10000001100000011000000110000001100000011
11111101111111011111110111111101111111011
10000010100000101000001010000010100000101
11111100111111001111110011111100111111001
10000011100000111000001110000011100000111
11111011111110111111101111111011111110111
10000100100001001000010010000100100001001
11111010111110101111101011111010111110101
10000101100001011000010110000101100001011
11111001111110011111100111111001111110011
10000110100001101000011010000110100001101
11111000111110001111100011111000111110001
10000111100001111000011110000111100001111
11110111111101111111011111110111111101111
10001000100010001000100010001000100010001
11110110111101101111011011110110111101101
10001001100010011000100110001001100010011
11110101111101011111010111110101111101011
10001010100010101000101010001010100010101
11110100111101001111010011110100111101001
10001011100010111000101110001011100010111
11110011111100111111001111110011111100111
10001100100011001000110010001100100011001
11110010111100101111001011110010111100101
10001101100011011000110110001101100011011
11110001111100011111000111110001111100011
10001110100011101000111010001110100011101
11110000111100001111000011110000111100001
10001111100011111000111110001111100011111
11101111111011111110111111101111111011111
10010000100100001001000010010000100100001
11101110111011101110111011101110111011101
10010001100100011001000110010001100100011
11101101111011011110110111101101111011011
10010010100100101001001010010010100100101
11101100111011001110110011101100111011001
10010011100100111001001110010011100100111
11101011111010111110101111101011111010111
10010100100101001001010010010100100101001
11101010111010101110101011101010111010101
10010101100101011001010110010101100101011
11101001111010011110100111101001111010011
10010110100101101001011010010110100101101
11101000111010001110100011101000111010001
10010111100101111001011110010111100101111
11100111111001111110011111100111111001111
10011000100110001001100010011000100110001
11100110111001101110011011100110111001101
10011001100110011001100110011001100110011
11100101111001011110010111100101111001011
10011010100110101001101010011010100110101
11100100111001001110010011100100111001001
10011011100110111001101110011011100110111
11100011111000111110001111100011111000111
10011100100111001001110010011100100111001
11100010111000101110001011100010111000101
10011101100111011001110110011101100111011
11100001111000011110000111100001111000011
10011110100111101001111010011110100111101
11100000111000001110000011100000111000001
10011111100111111001111110011111100111111
11011111110111111101111111011111110111111
10100000101000001010000010100000101000001
11011110110111101101111011011110110111101
10100001101000011010000110100001101000011
11011101110111011101110111011101110111011
10100010101000101010001010100010101000101
11011100110111001101110011011100110111001
10100011101000111010001110100011101000111
11011011110110111101101111011011110110111
10100100101001001010010010100100101001001
11011010110110101101101011011010110110101
10100101101001011010010110100101101001011
11011001110110011101100111011001110110011
10100110101001101010011010100110101001101
11011000110110001101100011011000110110001
10100111101001111010011110100111101001111
11010111110101111101011111010111110101111
10101000101010001010100010101000101010001
11010110110101101101011011010110110101101
10101001101010011010100110101001101010011
11010101110101011101010111010101110101011
10101010101010101010101010101010101010101
11010100110101001101010011010100110101001
10101011101010111010101110101011101010111
11010011110100111101001111010011110100111
10101100101011001010110010101100101011001
11010010110100101101001011010010110100101
10101101101011011010110110101101101011011
11010001110100011101000111010001110100011
10101110101011101010111010101110101011101
11010000110100001101000011010000110100001
10101111101011111010111110101111101011111
11001111110011111100111111001111110011111
10110000101100001011000010110000101100001
11001110110011101100111011001110110011101
10110001101100011011000110110001101100011
11001101110011011100110111001101110011011
10110010101100101011001010110010101100101
11001100110011001100110011001100110011001
10110011101100111011001110110011101100111
11001011110010111100101111001011110010111
10110100101101001011010010110100101101001
11001010110010101100101011001010110010101
10110101101101011011010110110101101101011
11001001110010011100100111001001110010011
10110110101101101011011010110110101101101
11001000110010001100100011001000110010001
10110111101101111011011110110111101101111
11000111110001111100011111000111110001111
10111000101110001011100010111000101110001
11000110110001101100011011000110110001101
10111001101110011011100110111001101110011
11000101110001011100010111000101110001011
10111010101110101011101010111010101110101
11000100110001001100010011000100110001001
10111011101110111011101110111011101110111
11000011110000111100001111000011110000111
10111100101111001011110010111100101111001
11000010110000101100001011000010110000101
10111101101111011011110110111101101111011
11000001110000011100000111000001110000011
10111110101111101011111010111110101111101
11000000110000001100000011000000110000001
10111111101111111011111110111111101111111
10111111101111111011111110111111101111111
11000000110000001100000011000000110000001
10111110101111101011111010111110101111101
11000001110000011100000111000001110000011
10111101101111011011110110111101101111011
11000010110000101100001011000010110000101
10111100101111001011110010111100101111001
11000011110000111100001111000011110000111
10111011101110111011101110111011101110111
11000100110001001100010011000100110001001
10111010101110101011101010111010101110101
11000101110001011100010111000101110001011
10111001101110011011100110111001101110011
11000110110001101100011011000110110001101
10111000101110001011100010111000101110001
11000111110001111100011111000111110001111
10110111101101111011011110110111101101111
11001000110010001100100011001000110010001
10110110101101101011011010110110101101101
11001001110010011100100111001001110010011
10110101101101011011010110110101101101011
11001010110010101100101011001010110010101
10110100101101001011010010110100101101001
11001011110010111100101111001011110010111
10110011101100111011001110110011101100111
11001100110011001100110011001100110011001
10110010101100101011001010110010101100101
11001101110011011100110111001101110011011
10110001101100011011000110110001101100011
11001110110011101100111011001110110011101
10110000101100001011000010110000101100001
11001111110011111100111111001111110011111
10101111101011111010111110101111101011111
11010000110100001101000011010000110100001
10101110101011101010111010101110101011101
11010001110100011101000111010001110100011
10101101101011011010110110101101101011011
11010010110100101101001011010010110100101
10101100101011001010110010101100101011001
11010011110100111101001111010011110100111
10101011101010111010101110101011101010111
11010100110101001101010011010100110101001
10101010101010101010101010101010101010101
11010101110101011101010111010101110101011
10101001101010011010100110101001101010011
11010110110101101101011011010110110101101
10101000101010001010100010101000101010001
11010111110101111101011111010111110101111
10100111101001111010011110100111101001111
11011000110110001101100011011000110110001
10100110101001101010011010100110101001101
11011001110110011101100111011001110110011
10100101101001011010010110100101101001011
11011010110110101101101011011010110110101
10100100101001001010010010100100101001001
11011011110110111101101111011011110110111
10100011101000111010001110100011101000111
11011100110111001101110011011100110111001
10100010101000101010001010100010101000101
11011101110111011101110111011101110111011
10100001101000011010000110100001101000011
11011110110111101101111011011110110111101
10100000101000001010000010100000101000001
11011111110111111101111111011111110111111
10011111100111111001111110011111100111111
11100000111000001110000011100000111000001
10011110100111101001111010011110100111101
11100001111000011110000111100001111000011
10011101100111011001110110011101100111011
11100010111000101110001011100010111000101
10011100100111001001110010011100100111001
11100011111000111110001111100011111000111
10011011100110111001101110011011100110111
11100100111001001110010011100100111001001
10011010100110101001101010011010100110101
11100101111001011110010111100101111001011
10011001100110011001100110011001100110011
11100110111001101110011011100110111001101
10011000100110001001100010011000100110001
11100111111001111110011111100111111001111
10010111100101111001011110010111100101111
11101000111010001110100011101000111010001
10010110100101101001011010010110100101101
11101001111010011110100111101001111010011
10010101100101011001010110010101100101011
11101010111010101110101011101010111010101
10010100100101001001010010010100100101001
11101011111010111110101111101011111010111
10010011100100111001001110010011100100111
11101100111011001110110011101100111011001
10010010100100101001001010010010100100101
11101101111011011110110111101101111011011
10010001100100011001000110010001100100011
11101110111011101110111011101110111011101
10010000100100001001000010010000100100001
11101111111011111110111111101111111011111
10001111100011111000111110001111100011111
11110000111100001111000011110000111100001
10001110100011101000111010001110100011101
11110001111100011111000111110001111100011
10001101100011011000110110001101100011011
11110010111100101111001011110010111100101
10001100100011001000110010001100100011001
11110011111100111111001111110011111100111
10001011100010111000101110001011100010111
11110100111101001111010011110100111101001
10001010100010101000101010001010100010101
11110101111101011111010111110101111101011
10001001100010011000100110001001100010011
11110110111101101111011011110110111101101
10001000100010001000100010001000100010001
11110111111101111111011111110111111101111
10000111100001111000011110000111100001111
11111000111110001111100011111000111110001
10000110100001101000011010000110100001101
11111001111110011111100111111001111110011
10000101100001011000010110000101100001011
11111010111110101111101011111010111110101
10000100100001001000010010000100100001001
11111011111110111111101111111011111110111
10000011100000111000001110000011100000111
11111100111111001111110011111100111111001
10000010100000101000001010000010100000101
11111101111111011111110111111101111111011
10000001100000011000000110000001100000011
11111110111111101111111011111110111111101
10000000100000001000000010000000100000001
