00001110000001010000000110000000011111111
01111101111111100111111011111111011111111
00000010100000100000000110000001000000001
01111100111111010111110111111110011111101
00000011100000110000001010000010000000011
01111011111111000111110011111101011111011
00000100100001000000001110000011000000101
01111010111110110111101111111100011111001
00000101100001010000010010000100000000111
01111001111110100111101011111011011110111
00000110100001100000010110000101000001001
01111000111110010111100111111010011110101
00000111100001110000011010000110000001011
01110111111110000111100011111001011110011
00001000100010000000011110000111000001101
01110110111101110111011111111000011110001
00001001100010010000100010001000000001111
01110101111101100111011011110111011101111
00001010100010100000100110001001000010001
01110100111101010111010111110110011101101
00001011100010110000101010001010000010011
01110011111101000111010011110101011101011
00001100100011000000101110001011000010101
01110010111100110111001111110100011101001
00001101100011010000110010001100000010111
01110001111100100111001011110011011100111
00001110100011100000110110001101000011001
01110000111100010111000111110010011100101
00001111100011110000111010001110000011011
01101111111100000111000011110001011100011
00010000100100000000111110001111000011101
01101110111011110110111111110000011100001
00010001100100010001000010010000000011111
01101101111011100110111011101111011011111
00010010100100100001000110010001000100001
01101100111011010110110111101110011011101
00010011100100110001001010010010000100011
01101011111011000110110011101101011011011
00010100100101000001001110010011000100101
01101010111010110110101111101100011011001
00010101100101010001010010010100000100111
01101001111010100110101011101011011010111
00010110100101100001010110010101000101001
01101000111010010110100111101010011010101
00010111100101110001011010010110000101011
01100111111010000110100011101001011010011
00011000100110000001011110010111000101101
01100110111001110110011111101000011010001
00011001100110010001100010011000000101111
01100101111001100110011011100111011001111
00011010100110100001100110011001000110001
01100100111001010110010111100110011001101
00011011100110110001101010011010000110011
01100011111001000110010011100101011001011
00011100100111000001101110011011000110101
01100010111000110110001111100100011001001
00011101100111010001110010011100000110111
01100001111000100110001011100011011000111
00011110100111100001110110011101000111001
01100000111000010110000111100010011000101
00011111100111110001111010011110000111011
01011111111000000110000011100001011000011
00100000101000000001111110011111000111101
01011110110111110101111111100000011000001
00100001101000010010000010100000000111111
01011101110111100101111011011111010111111
00100010101000100010000110100001001000001
01011100110111010101110111011110010111101
00100011101000110010001010100010001000011
01011011110111000101110011011101010111011
00100100101001000010001110100011001000101
01011010110110110101101111011100010111001
00100101101001010010010010100100001000111
01011001110110100101101011011011010110111
00100110101001100010010110100101001001001
01011000110110010101100111011010010110101
00100111101001110010011010100110001001011
01010111110110000101100011011001010110011
00101000101010000010011110100111001001101
01010110110101110101011111011000010110001
00101001101010010010100010101000001001111
01010101110101100101011011010111010101111
00101010101010100010100110101001001010001
01010100110101010101010111010110010101101
00101011101010110010101010101010001010011
01010011110101000101010011010101010101011
00101100101011000010101110101011001010101
01010010110100110101001111010100010101001
00101101101011010010110010101100001010111
01010001110100100101001011010011010100111
00101110101011100010110110101101001011001
01010000110100010101000111010010010100101
00101111101011110010111010101110001011011
01001111110100000101000011010001010100011
00110000101100000010111110101111001011101
01001110110011110100111111010000010100001
00110001101100010011000010110000001011111
01001101110011100100111011001111010011111
00110010101100100011000110110001001100001
01001100110011010100110111001110010011101
00110011101100110011001010110010001100011
01001011110011000100110011001101010011011
00110100101101000011001110110011001100101
01001010110010110100101111001100010011001
00110101101101010011010010110100001100111
01001001110010100100101011001011010010111
00110110101101100011010110110101001101001
01001000110010010100100111001010010010101
00110111101101110011011010110110001101011
01000111110010000100100011001001010010011
00111000101110000011011110110111001101101
01000110110001110100011111001000010010001
00111001101110010011100010111000001101111
01000101110001100100011011000111010001111
00111010101110100011100110111001001110001
01000100110001010100010111000110010001101
00111011101110110011101010111010001110011
01000011110001000100010011000101010001011
00111100101111000011101110111011001110101
01000010110000110100001111000100010001001
00111101101111010011110010111100001110111
01000001110000100100001011000011010000111
00111110101111100011110110111101001111001
01000000110000010100000111000010010000101
00111111101111110011111010111110001111011
00111111110000000100000011000001010000011
01000000110000000011111110111111001111101
00111110101111110011111111000000010000001
01000001110000010100000011000000001111111
00111101101111100011111010111111001111111
01000010110000100100000111000001010000001
00111100101111010011110110111110001111101
01000011110000110100001011000010010000011
00111011101111000011110010111101001111011
01000100110001000100001111000011010000101
00111010101110110011101110111100001111001
01000101110001010100010011000100010000111
00111001101110100011101010111011001110111
01000110110001100100010111000101010001001
00111000101110010011100110111010001110101
01000111110001110100011011000110010001011
00110111101110000011100010111001001110011
01001000110010000100011111000111010001101
00110110101101110011011110111000001110001
01001001110010010100100011001000010001111
00110101101101100011011010110111001101111
01001010110010100100100111001001010010001
00110100101101010011010110110110001101101
01001011110010110100101011001010010010011
00110011101101000011010010110101001101011
01001100110011000100101111001011010010101
00110010101100110011001110110100001101001
01001101110011010100110011001100010010111
00110001101100100011001010110011001100111
01001110110011100100110111001101010011001
00110000101100010011000110110010001100101
01001111110011110100111011001110010011011
00101111101100000011000010110001001100011
01010000110100000100111111001111010011101
00101110101011110010111110110000001100001
01010001110100010101000011010000010011111
00101101101011100010111010101111001011111
01010010110100100101000111010001010100001
00101100101011010010110110101110001011101
01010011110100110101001011010010010100011
00101011101011000010110010101101001011011
01010100110101000101001111010011010100101
00101010101010110010101110101100001011001
01010101110101010101010011010100010100111
00101001101010100010101010101011001010111
01010110110101100101010111010101010101001
00101000101010010010100110101010001010101
01010111110101110101011011010110010101011
00100111101010000010100010101001001010011
01011000110110000101011111010111010101101
00100110101001110010011110101000001010001
01011001110110010101100011011000010101111
00100101101001100010011010100111001001111
01011010110110100101100111011001010110001
00100100101001010010010110100110001001101
01011011110110110101101011011010010110011
00100011101001000010010010100101001001011
01011100110111000101101111011011010110101
00100010101000110010001110100100001001001
01011101110111010101110011011100010110111
00100001101000100010001010100011001000111
01011110110111100101110111011101010111001
00100000101000010010000110100010001000101
01011111110111110101111011011110010111011
00011111101000000010000010100001001000011
01100000111000000101111111011111010111101
00011110100111110001111110100000001000001
01100001111000010110000011100000010111111
00011101100111100001111010011111000111111
01100010111000100110000111100001011000001
00011100100111010001110110011110000111101
01100011111000110110001011100010011000011
00011011100111000001110010011101000111011
01100100111001000110001111100011011000101
00011010100110110001101110011100000111001
01100101111001010110010011100100011000111
00011001100110100001101010011011000110111
01100110111001100110010111100101011001001
00011000100110010001100110011010000110101
01100111111001110110011011100110011001011
00010111100110000001100010011001000110011
01101000111010000110011111100111011001101
00010110100101110001011110011000000110001
01101001111010010110100011101000011001111
00010101100101100001011010010111000101111
01101010111010100110100111101001011010001
00010100100101010001010110010110000101101
01101011111010110110101011101010011010011
00010011100101000001010010010101000101011
01101100111011000110101111101011011010101
00010010100100110001001110010100000101001
01101101111011010110110011101100011010111
00010001100100100001001010010011000100111
01101110111011100110110111101101011011001
00010000100100010001000110010010000100101
01101111111011110110111011101110011011011
00001111100100000001000010010001000100011
01110000111100000110111111101111011011101
00001110100011110000111110010000000100001
01110001111100010111000011110000011011111
00001101100011100000111010001111000011111
01110010111100100111000111110001011100001
00001100100011010000110110001110000011101
01110011111100110111001011110010011100011
00001011100011000000110010001101000011011
01110100111101000111001111110011011100101
00001010100010110000101110001100000011001
01110101111101010111010011110100011100111
00001001100010100000101010001011000010111
01110110111101100111010111110101011101001
00001000100010010000100110001010000010101
01110111111101110111011011110110011101011
00000111100010000000100010001001000010011
01111000111110000111011111110111011101101
00000110100001110000011110001000000010001
01111001111110010111100011111000011101111
00000101100001100000011010000111000001111
01111010111110100111100111111001011110001
00000100100001010000010110000110000001101
01111011111110110111101011111010011110011
00000011100001000000010010000101000001011
01111100111111000111101111111011011110101
00000010100000110000001110000100000001001
01111101111111010111110011111100011110111
00000001100000100000001010000011000000111
01111110111111100111110111111101011111001
00000000100000010000000110000010000000101
01111111111111110111111011111110011111011
01111111100000000000000010000001000000011
00000000100000000111111111111111011111101
01111110111111110111111110000000000000001
