00001110000001010000000110000000011111111
10000010000000011000000100000000100000000
00000010100000100000000110000001000000001
10000011000000101000001000000001100000010
00000011100000110000001010000010000000011
10000100000000111000001100000010100000100
00000100100001000000001110000011000000101
10000101000001001000010000000011100000110
00000101100001010000010010000100000000111
10000110000001011000010100000100100001000
00000110100001100000010110000101000001001
10000111000001101000011000000101100001010
00000111100001110000011010000110000001011
10001000000001111000011100000110100001100
00001000100010000000011110000111000001101
10001001000010001000100000000111100001110
00001001100010010000100010001000000001111
10001010000010011000100100001000100010000
00001010100010100000100110001001000010001
10001011000010101000101000001001100010010
00001011100010110000101010001010000010011
10001100000010111000101100001010100010100
00001100100011000000101110001011000010101
10001101000011001000110000001011100010110
00001101100011010000110010001100000010111
10001110000011011000110100001100100011000
00001110100011100000110110001101000011001
10001111000011101000111000001101100011010
00001111100011110000111010001110000011011
10010000000011111000111100001110100011100
00010000100100000000111110001111000011101
10010001000100001001000000001111100011110
00010001100100010001000010010000000011111
10010010000100011001000100010000100100000
00010010100100100001000110010001000100001
10010011000100101001001000010001100100010
00010011100100110001001010010010000100011
10010100000100111001001100010010100100100
00010100100101000001001110010011000100101
10010101000101001001010000010011100100110
00010101100101010001010010010100000100111
10010110000101011001010100010100100101000
00010110100101100001010110010101000101001
10010111000101101001011000010101100101010
00010111100101110001011010010110000101011
10011000000101111001011100010110100101100
00011000100110000001011110010111000101101
10011001000110001001100000010111100101110
00011001100110010001100010011000000101111
10011010000110011001100100011000100110000
00011010100110100001100110011001000110001
10011011000110101001101000011001100110010
00011011100110110001101010011010000110011
10011100000110111001101100011010100110100
00011100100111000001101110011011000110101
10011101000111001001110000011011100110110
00011101100111010001110010011100000110111
10011110000111011001110100011100100111000
00011110100111100001110110011101000111001
10011111000111101001111000011101100111010
00011111100111110001111010011110000111011
10100000000111111001111100011110100111100
00100000101000000001111110011111000111101
10100001001000001010000000011111100111110
00100001101000010010000010100000000111111
10100010001000011010000100100000101000000
00100010101000100010000110100001001000001
10100011001000101010001000100001101000010
00100011101000110010001010100010001000011
10100100001000111010001100100010101000100
00100100101001000010001110100011001000101
10100101001001001010010000100011101000110
00100101101001010010010010100100001000111
10100110001001011010010100100100101001000
00100110101001100010010110100101001001001
10100111001001101010011000100101101001010
00100111101001110010011010100110001001011
10101000001001111010011100100110101001100
00101000101010000010011110100111001001101
10101001001010001010100000100111101001110
00101001101010010010100010101000001001111
10101010001010011010100100101000101010000
00101010101010100010100110101001001010001
10101011001010101010101000101001101010010
00101011101010110010101010101010001010011
10101100001010111010101100101010101010100
00101100101011000010101110101011001010101
10101101001011001010110000101011101010110
00101101101011010010110010101100001010111
10101110001011011010110100101100101011000
00101110101011100010110110101101001011001
10101111001011101010111000101101101011010
00101111101011110010111010101110001011011
10110000001011111010111100101110101011100
00110000101100000010111110101111001011101
10110001001100001011000000101111101011110
00110001101100010011000010110000001011111
10110010001100011011000100110000101100000
00110010101100100011000110110001001100001
10110011001100101011001000110001101100010
00110011101100110011001010110010001100011
10110100001100111011001100110010101100100
00110100101101000011001110110011001100101
10110101001101001011010000110011101100110
00110101101101010011010010110100001100111
10110110001101011011010100110100101101000
00110110101101100011010110110101001101001
10110111001101101011011000110101101101010
00110111101101110011011010110110001101011
10111000001101111011011100110110101101100
00111000101110000011011110110111001101101
10111001001110001011100000110111101101110
00111001101110010011100010111000001101111
10111010001110011011100100111000101110000
00111010101110100011100110111001001110001
10111011001110101011101000111001101110010
00111011101110110011101010111010001110011
10111100001110111011101100111010101110100
00111100101111000011101110111011001110101
10111101001111001011110000111011101110110
00111101101111010011110010111100001110111
10111110001111011011110100111100101111000
00111110101111100011110110111101001111001
10111111001111101011111000111101101111010
00111111101111110011111010111110001111011
11000000001111111011111100111110101111100
01000000110000000011111110111111001111101
11000001010000001100000000111111101111110
01000001110000010100000011000000001111111
11000010010000011100000101000000110000000
01000010110000100100000111000001010000001
11000011010000101100001001000001110000010
01000011110000110100001011000010010000011
11000100010000111100001101000010110000100
01000100110001000100001111000011010000101
11000101010001001100010001000011110000110
01000101110001010100010011000100010000111
11000110010001011100010101000100110001000
01000110110001100100010111000101010001001
11000111010001101100011001000101110001010
01000111110001110100011011000110010001011
11001000010001111100011101000110110001100
01001000110010000100011111000111010001101
11001001010010001100100001000111110001110
01001001110010010100100011001000010001111
11001010010010011100100101001000110010000
01001010110010100100100111001001010010001
11001011010010101100101001001001110010010
01001011110010110100101011001010010010011
11001100010010111100101101001010110010100
01001100110011000100101111001011010010101
11001101010011001100110001001011110010110
01001101110011010100110011001100010010111
11001110010011011100110101001100110011000
01001110110011100100110111001101010011001
11001111010011101100111001001101110011010
01001111110011110100111011001110010011011
11010000010011111100111101001110110011100
01010000110100000100111111001111010011101
11010001010100001101000001001111110011110
01010001110100010101000011010000010011111
11010010010100011101000101010000110100000
01010010110100100101000111010001010100001
11010011010100101101001001010001110100010
01010011110100110101001011010010010100011
11010100010100111101001101010010110100100
01010100110101000101001111010011010100101
11010101010101001101010001010011110100110
01010101110101010101010011010100010100111
11010110010101011101010101010100110101000
01010110110101100101010111010101010101001
11010111010101101101011001010101110101010
01010111110101110101011011010110010101011
11011000010101111101011101010110110101100
01011000110110000101011111010111010101101
11011001010110001101100001010111110101110
01011001110110010101100011011000010101111
11011010010110011101100101011000110110000
01011010110110100101100111011001010110001
11011011010110101101101001011001110110010
01011011110110110101101011011010010110011
11011100010110111101101101011010110110100
01011100110111000101101111011011010110101
11011101010111001101110001011011110110110
01011101110111010101110011011100010110111
11011110010111011101110101011100110111000
01011110110111100101110111011101010111001
11011111010111101101111001011101110111010
01011111110111110101111011011110010111011
11100000010111111101111101011110110111100
01100000111000000101111111011111010111101
11100001011000001110000001011111110111110
01100001111000010110000011100000010111111
11100010011000011110000101100000111000000
01100010111000100110000111100001011000001
11100011011000101110001001100001111000010
01100011111000110110001011100010011000011
11100100011000111110001101100010111000100
01100100111001000110001111100011011000101
11100101011001001110010001100011111000110
01100101111001010110010011100100011000111
11100110011001011110010101100100111001000
01100110111001100110010111100101011001001
11100111011001101110011001100101111001010
01100111111001110110011011100110011001011
11101000011001111110011101100110111001100
01101000111010000110011111100111011001101
11101001011010001110100001100111111001110
01101001111010010110100011101000011001111
11101010011010011110100101101000111010000
01101010111010100110100111101001011010001
11101011011010101110101001101001111010010
01101011111010110110101011101010011010011
11101100011010111110101101101010111010100
01101100111011000110101111101011011010101
11101101011011001110110001101011111010110
01101101111011010110110011101100011010111
11101110011011011110110101101100111011000
01101110111011100110110111101101011011001
11101111011011101110111001101101111011010
01101111111011110110111011101110011011011
11110000011011111110111101101110111011100
01110000111100000110111111101111011011101
11110001011100001111000001101111111011110
01110001111100010111000011110000011011111
11110010011100011111000101110000111100000
01110010111100100111000111110001011100001
11110011011100101111001001110001111100010
01110011111100110111001011110010011100011
11110100011100111111001101110010111100100
01110100111101000111001111110011011100101
11110101011101001111010001110011111100110
01110101111101010111010011110100011100111
11110110011101011111010101110100111101000
01110110111101100111010111110101011101001
11110111011101101111011001110101111101010
01110111111101110111011011110110011101011
11111000011101111111011101110110111101100
01111000111110000111011111110111011101101
11111001011110001111100001110111111101110
01111001111110010111100011111000011101111
11111010011110011111100101111000111110000
01111010111110100111100111111001011110001
11111011011110101111101001111001111110010
01111011111110110111101011111010011110011
11111100011110111111101101111010111110100
01111100111111000111101111111011011110101
11111101011111001111110001111011111110110
01111101111111010111110011111100011110111
11111110011111011111110101111100111111000
01111110111111100111110111111101011111001
11111111011111101111111001111101111111010
01111111111111110111111011111110011111011
10000000011111111111111101111110111111100
00000000100000000111111111111111011111101
10000001000000001000000001111111111111110
