11111111111111111111111111111111111111111
00001110000011100000111000001110000011100
11101101111011011110110111101101111011011
00101010001010100010101000101010001010100
10100101101001011010010110100101101001011
10110100101101001011010010110100101101001
10011000100110001001100010011000100110001
11001110110011101100111011001110110011101
01100010011000100110001001100010011000100
00110101001101010011010100110101001101010
10011011100110111001101110011011100110111
11001000110010001100100011001000110010001
01101110011011100110111001101110011011100
00101101001011010010110100101101001011010
10101011101010111010101110101011101010111
10101000101010001010100010101000101010001
10100000101000001010000010100000101000001
10111110101111101011111010111110101111101
10001100100011001000110010001100100011001
11100110111001101110011011100110111001101
00110010001100100011001000110010001100100
10011011100110111001101110011011100110111
11000110110001101100011011000110110001101
01111100011111000111110001111100011111000
00000111000001110000011100000111000001110
11110001111100011111000111110001111100011
00011100000111000001110000011100000111000
11000111110001111100011111000111110001111
01110000011100000111000001110000011100000
00010001000100010001000100010001000100010
11010011110100111101001111010011110100111
01010110010101100101011001010110010101100
01010011010100110101001101010011010100110
01010111010101110101011101010111010101110
01010001010100010101000101010001010100010
01010011010100110101001101010011010100110
01011001010110010101100101011001010110010
01000011010000110100001101000011010000110
01111001011110010111100101111001011110010
00000011000000110000001100000011000000110
11110111111101111111011111110111111101111
00011110000111100001111000011110000111100
11001101110011011100110111001101110011011
01101010011010100110101001101010011010100
00101011001010110010101100101011001010110
10101001101010011010100110101001101010011
10100010101000101010001010100010101000101
10111010101110101011101010111010101110101
10000100100001001000010010000100100001001
11110110111101101111011011110110111101101
00010010000100100001001000010010000100100
11011011110110111101101111011011110110111
01001000010010000100100001001000010010000
01100001011000010110000101100001011000010
00111101001111010011110100111101001111010
10000101100001011000010110000101100001011
11111010111110101111101011111010111110101
00000100000001000000010000000100000001000
11111001111110011111100111111001111110011
00000010000000100000001000000010000000100
11110101111101011111010111110101111101011
00011010000110100001101000011010000110100
11000101110001011100010111000101110001011
01111010011110100111101001111010011110100
00001011000010110000101100001011000010110
11101001111010011110100111101001111010011
00101100001011000010110000101100001011000
10100111101001111010011110100111101001111
10111110101111101011111010111110101111101
10000010100000101000001010000010100000101
11110100111101001111010011110100111101001
00011000000110000001100000011000000110000
11000001110000011100000111000001110000011
01110010011100100111001001110010011100100
00011011000110110001101100011011000110110
11001001110010011100100111001001110010011
01101100011011000110110001101100011011000
00101001001010010010100100101001001010010
10100011101000111010001110100011101000111
10111000101110001011100010111000101110001
10000000100000001000000010000000100000001
11111110111111101111111011111110111111101
00000010000000100000001000000010000000100
11111011111110111111101111111011111110111
00001000000010000000100000001000000010000
11101111111011111110111111101111111011111
00100000001000000010000000100000001000000
10111111101111111011111110111111101111111
10001110100011101000111010001110100011101
11100010111000101110001011100010111000101
00111010001110100011101000111010001110100
10001011100010111000101110001011100010111
11100110111001101110011011100110111001101
00111100001111000011110000111100001111000
10001001100010011000100110001001100010011
11101100111011001110110011101100111011001
00100110001001100010011000100110001001100
10110011101100111011001110110011101100111
10010110100101101001011010010110100101101
11010010110100101101001011010010110100101
01011010010110100101101001011010010110100
01000101010001010100010101000101010001010
01110101011101010111010101110101011101010
00011011000110110001101100011011000110110
11000111110001111100011111000111110001111
01111110011111100111111001111110011111100
00000011000000110000001100000011000000110
11111001111110011111100111111001111110011
00001100000011000000110000001100000011000
11100111111001111110011111100111111001111
00110000001100000011000000110000001100000
10011111100111111001111110011111100111111
11001110110011101100111011001110110011101
01101100011011000110110001101100011011000
00100111001001110010011100100111001001110
10110001101100011011000110110001101100011
10010010100100101001001010010010100100101
11011010110110101101101011011010110110101
01001010010010100100101001001010010010100
01100101011001010110010101100101011001010
00110101001101010011010100110101001101010
10010101100101011001010110010101100101011
11011010110110101101101011011010110110101
01000100010001000100010001000100010001000
01110111011101110111011101110111011101110
00011111000111110001111100011111000111110
11001111110011111100111111001111110011111
01101110011011100110111001101110011011100
00100011001000110010001100100011001000110
10111001101110011011100110111001101110011
10000010100000101000001010000010100000101
11111010111110101111101011111010111110101
00001010000010100000101000001010000010100
11101011111010111110101111101011111010111
00101000001010000010100000101000001010000
10101111101011111010111110101111101011111
10101110101011101010111010101110101011101
10100010101000101010001010100010101000101
10110100101101001011010010110100101101001
10010110100101101001011010010110100101101
11011100110111001101110011011100110111001
01001000010010000100100001001000010010000
01101111011011110110111101101111011011110
00101111001011110010111100101111001011110
10101111101011111010111110101111101011111
10100000101000001010000010100000101000001
10110000101100001011000010110000101100001
10011110100111101001111010011110100111101
11001100110011001100110011001100110011001
01101000011010000110100001101000011010000
00101111001011110010111100101111001011110
10100001101000011010000110100001101000011
10110010101100101011001010110010101100101
10011010100110101001101010011010100110101
11000100110001001100010011000100110001001
01111000011110000111100001111000011110000
00001111000011110000111100001111000011110
11100001111000011110000111100001111000011
00111100001111000011110000111100001111000
10000111100001111000011110000111100001111
11111110111111101111111011111110111111101
00001100000011000000110000001100000011000
11101001111010011110100111101001111010011
00100010001000100010001000100010001000100
10110101101101011011010110110101101101011
10010100100101001001010010010100100101001
11011000110110001101100011011000110110001
01000000010000000100000001000000010000000
01111111011111110111111101111111011111110
00001111000011110000111100001111000011110
11101111111011111110111111101111111011111
00101110001011100010111000101110001011100
10101101101011011010110110101101101011011
10100100101001001010010010100100101001001
10111000101110001011100010111000101110001
10001110100011101000111010001110100011101
11101100111011001110110011101100111011001
00101000001010000010100000101000001010000
10100001101000011010000110100001101000011
10111100101111001011110010111100101111001
10001000100010001000100010001000100010001
11101110111011101110111011101110111011101
00100010001000100010001000100010001000100
10111011101110111011101110111011101110111
10000110100001101000011010000110100001101
11110010111100101111001011110010111100101
00011010000110100001101000011010000110100
11001011110010111100101111001011110010111
01101000011010000110100001101000011010000
00100001001000010010000100100001001000010
10110011101100111011001110110011101100111
10011000100110001001100010011000100110001
11000000110000001100000011000000110000001
01110000011100000111000001110000011100000
00011111000111110001111100011111000111110
11000001110000011100000111000001110000011
01111100011111000111110001111100011111000
00001001000010010000100100001001000010010
11100011111000111110001111100011111000111
00110110001101100011011000110110001101100
10011101100111011001110110011101100111011
11000100110001001100010011000100110001001
01110110011101100111011001110110011101100
00011101000111010001110100011101000111010
11001011110010111100101111001011110010111
01100110011001100110011001100110011001100
00110011001100110011001100110011001100110
10011001100110011001100110011001100110011
11000010110000101100001011000010110000101
01110100011101000111010001110100011101000
00010111000101110001011100010111000101110
11010001110100011101000111010001110100011
01011100010111000101110001011100010111000
01001001010010010100100101001001010010010
01101101011011010110110101101101011011010
00101011001010110010101100101011001010110
10100111101001111010011110100111101001111
10110000101100001011000010110000101100001
10010000100100001001000010010000100100001
11011110110111101101111011011110110111101
01000010010000100100001001000010010000100
01110101011101010111010101110101011101010
00010101000101010001010100010101000101010
11010101110101011101010111010101110101011
01010100010101000101010001010100010101000
01011001010110010101100101011001010110010
01001101010011010100110101001101010011010
01101011011010110110101101101011011010110
00101001001010010010100100101001001010010
10101101101011011010110110101101101011011
10101010101010101010101010101010101010101
10101010101010101010101010101010101010101
10100100101001001010010010100100101001001
10110110101101101011011010110110101101101
10011100100111001001110010011100100111001
11000110110001101100011011000110110001101
01110010011100100111001001110010011100100
00010101000101010001010100010101000101010
11011011110110111101101111011011110110111
01000110010001100100011001000110010001100
01110011011100110111001101110011011100110
00010111000101110001011100010111000101110
11011111110111111101111111011111110111111
01001110010011100100111001001110010011100
01100011011000110110001101100011011000110
00110111001101110011011100110111001101110
10011111100111111001111110011111100111111
11000000110000001100000011000000110000001
01111110011111100111111001111110011111100
00001101000011010000110100001101000011010
11101011111010111110101111101011111010111
00100110001001100010011000100110001001100
10111101101111011011110110111101101111011
10000100100001001000010010000100100001001
11111000111110001111100011111000111110001
