11111111111111111111111111111111111111111
11110001111100011111000111110001111100011
11101101111011011110110111101101111011011
11010101110101011101010111010101110101011
10100101101001011010010110100101101001011
01001011010010110100101101001011010010110
10011000100110001001100010011000100110001
00110001001100010011000100110001001100010
01100010011000100110001001100010011000100
11001010110010101100101011001010110010101
10011011100110111001101110011011100110111
00110111001101110011011100110111001101110
01101110011011100110111001101110011011100
11010010110100101101001011010010110100101
10101011101010111010101110101011101010111
01010111010101110101011101010111010101110
10100000101000001010000010100000101000001
01000001010000010100000101000001010000010
10001100100011001000110010001100100011001
00011001000110010001100100011001000110010
00110010001100100011001000110010001100100
01100100011001000110010001100100011001000
11000110110001101100011011000110110001101
10000011100000111000001110000011100000111
00000111000001110000011100000111000001110
00001110000011100000111000001110000011100
00011100000111000001110000011100000111000
00111000001110000011100000111000001110000
01110000011100000111000001110000011100000
11101110111011101110111011101110111011101
11010011110100111101001111010011110100111
10101001101010011010100110101001101010011
01010011010100110101001101010011010100110
10101000101010001010100010101000101010001
01010001010100010101000101010001010100010
10101100101011001010110010101100101011001
01011001010110010101100101011001010110010
10111100101111001011110010111100101111001
01111001011110010111100101111001011110010
11111100111111001111110011111100111111001
11110111111101111111011111110111111101111
11100001111000011110000111100001111000011
11001101110011011100110111001101110011011
10010101100101011001010110010101100101011
00101011001010110010101100101011001010110
01010110010101100101011001010110010101100
10100010101000101010001010100010101000101
01000101010001010100010101000101010001010
10000100100001001000010010000100100001001
00001001000010010000100100001001000010010
00010010000100100001001000010010000100100
00100100001001000010010000100100001001000
01001000010010000100100001001000010010000
10011110100111101001111010011110100111101
00111101001111010011110100111101001111010
01111010011110100111101001111010011110100
11111010111110101111101011111010111110101
11111011111110111111101111111011111110111
11111001111110011111100111111001111110011
11111101111111011111110111111101111111011
11110101111101011111010111110101111101011
11100101111001011110010111100101111001011
11000101110001011100010111000101110001011
10000101100001011000010110000101100001011
00001011000010110000101100001011000010110
00010110000101100001011000010110000101100
00101100001011000010110000101100001011000
01011000010110000101100001011000010110000
10111110101111101011111010111110101111101
01111101011111010111110101111101011111010
11110100111101001111010011110100111101001
11100111111001111110011111100111111001111
11000001110000011100000111000001110000011
10001101100011011000110110001101100011011
00011011000110110001101100011011000110110
00110110001101100011011000110110001101100
01101100011011000110110001101100011011000
11010110110101101101011011010110110101101
10100011101000111010001110100011101000111
01000111010001110100011101000111010001110
10000000100000001000000010000000100000001
00000001000000010000000100000001000000010
00000010000000100000001000000010000000100
00000100000001000000010000000100000001000
00001000000010000000100000001000000010000
00010000000100000001000000010000000100000
00100000001000000010000000100000001000000
01000000010000000100000001000000010000000
10001110100011101000111010001110100011101
00011101000111010001110100011101000111010
00111010001110100011101000111010001110100
01110100011101000111010001110100011101000
11100110111001101110011011100110111001101
11000011110000111100001111000011110000111
10001001100010011000100110001001100010011
00010011000100110001001100010011000100110
00100110001001100010011000100110001001100
01001100010011000100110001001100010011000
10010110100101101001011010010110100101101
00101101001011010010110100101101001011010
01011010010110100101101001011010010110100
10111010101110101011101010111010101110101
01110101011101010111010101110101011101010
11100100111001001110010011100100111001001
11000111110001111100011111000111110001111
10000001100000011000000110000001100000011
00000011000000110000001100000011000000110
00000110000001100000011000000110000001100
00001100000011000000110000001100000011000
00011000000110000001100000011000000110000
00110000001100000011000000110000001100000
01100000011000000110000001100000011000000
11001110110011101100111011001110110011101
10010011100100111001001110010011100100111
00100111001001110010011100100111001001110
01001110010011100100111001001110010011100
10010010100100101001001010010010100100101
00100101001001010010010100100101001001010
01001010010010100100101001001010010010100
10011010100110101001101010011010100110101
00110101001101010011010100110101001101010
01101010011010100110101001101010011010100
11011010110110101101101011011010110110101
10111011101110111011101110111011101110111
01110111011101110111011101110111011101110
11100000111000001110000011100000111000001
11001111110011111100111111001111110011111
10010001100100011001000110010001100100011
00100011001000110010001100100011001000110
01000110010001100100011001000110010001100
10000010100000101000001010000010100000101
00000101000001010000010100000101000001010
00001010000010100000101000001010000010100
00010100000101000001010000010100000101000
00101000001010000010100000101000001010000
01010000010100000101000001010000010100000
10101110101011101010111010101110101011101
01011101010111010101110101011101010111010
10110100101101001011010010110100101101001
01101001011010010110100101101001011010010
11011100110111001101110011011100110111001
10110111101101111011011110110111101101111
01101111011011110110111101101111011011110
11010000110100001101000011010000110100001
10101111101011111010111110101111101011111
01011111010111110101111101011111010111110
10110000101100001011000010110000101100001
01100001011000010110000101100001011000010
11001100110011001100110011001100110011001
10010111100101111001011110010111100101111
00101111001011110010111100101111001011110
01011110010111100101111001011110010111100
10110010101100101011001010110010101100101
01100101011001010110010101100101011001010
11000100110001001100010011000100110001001
10000111100001111000011110000111100001111
00001111000011110000111100001111000011110
00011110000111100001111000011110000111100
00111100001111000011110000111100001111000
01111000011110000111100001111000011110000
11111110111111101111111011111110111111101
11110011111100111111001111110011111100111
11101001111010011110100111101001111010011
11011101110111011101110111011101110111011
10110101101101011011010110110101101101011
01101011011010110110101101101011011010110
11011000110110001101100011011000110110001
10111111101111111011111110111111101111111
01111111011111110111111101111111011111110
11110000111100001111000011110000111100001
11101111111011111110111111101111111011111
11010001110100011101000111010001110100011
10101101101011011010110110101101101011011
01011011010110110101101101011011010110110
10111000101110001011100010111000101110001
01110001011100010111000101110001011100010
11101100111011001110110011101100111011001
11010111110101111101011111010111110101111
10100001101000011010000110100001101000011
01000011010000110100001101000011010000110
10001000100010001000100010001000100010001
00010001000100010001000100010001000100010
00100010001000100010001000100010001000100
01000100010001000100010001000100010001000
10000110100001101000011010000110100001101
00001101000011010000110100001101000011010
00011010000110100001101000011010000110100
00110100001101000011010000110100001101000
01101000011010000110100001101000011010000
11011110110111101101111011011110110111101
10110011101100111011001110110011101100111
01100111011001110110011101100111011001110
11000000110000001100000011000000110000001
10001111100011111000111110001111100011111
00011111000111110001111100011111000111110
00111110001111100011111000111110001111100
01111100011111000111110001111100011111000
11110110111101101111011011110110111101101
11100011111000111110001111100011111000111
11001001110010011100100111001001110010011
10011101100111011001110110011101100111011
00111011001110110011101100111011001110110
01110110011101100111011001110110011101100
11100010111000101110001011100010111000101
11001011110010111100101111001011110010111
10011001100110011001100110011001100110011
00110011001100110011001100110011001100110
01100110011001100110011001100110011001100
11000010110000101100001011000010110000101
10001011100010111000101110001011100010111
00010111000101110001011100010111000101110
00101110001011100010111000101110001011100
01011100010111000101110001011100010111000
10110110101101101011011010110110101101101
01101101011011010110110101101101011011010
11010100110101001101010011010100110101001
10100111101001111010011110100111101001111
01001111010011110100111101001111010011110
10010000100100001001000010010000100100001
00100001001000010010000100100001001000010
01000010010000100100001001000010010000100
10001010100010101000101010001010100010101
00010101000101010001010100010101000101010
00101010001010100010101000101010001010100
01010100010101000101010001010100010101000
10100110101001101010011010100110101001101
01001101010011010100110101001101010011010
10010100100101001001010010010100100101001
00101001001010010010100100101001001010010
01010010010100100101001001010010010100100
10101010101010101010101010101010101010101
01010101010101010101010101010101010101010
10100100101001001010010010100100101001001
01001001010010010100100101001001010010010
10011100100111001001110010011100100111001
00111001001110010011100100111001001110010
01110010011100100111001001110010011100100
11101010111010101110101011101010111010101
11011011110110111101101111011011110110111
10111001101110011011100110111001101110011
01110011011100110111001101110011011100110
11101000111010001110100011101000111010001
11011111110111111101111111011111110111111
10110001101100011011000110110001101100011
01100011011000110110001101100011011000110
11001000110010001100100011001000110010001
10011111100111111001111110011111100111111
00111111001111110011111100111111001111110
01111110011111100111111001111110011111100
11110010111100101111001011110010111100101
11101011111010111110101111101011111010111
11011001110110011101100111011001110110011
10111101101111011011110110111101101111011
01111011011110110111101101111011011110110
11111000111110001111100011111000111110001
