00100101110101011110110111110001111111111
00110100110110100010101000010010000011100
00011000110010110010010111010101111011011
11001110111001110011010011011010001010100
11100010001100010001100011001011001001011
00110101000111011100111011100111001101001
00011011110010101110001000110001000110001
11001000111001000011010100011101110011101
11101110001101110001101111001010111000100
00101101000100011100100011100100001101010
00101011110100101110111000110111000110111
00101000110101000010110100010001110010001
00100000110101110010101111010010111011100
00111110110111110010100011010100001011010
00001100110000010010000011010111001010111
11100110111100110011111011011111001010001
00110010000110010000110011000001001000001
00011011110011011110011011110011001111101
11000110111001000011001000011001000011001
11111100001110010001101111001101111001101
00000111000000111100011011100100001100100
11110001111110001111110000111001000110111
00011100000011100000011100000011110001101
11000111111000111111000111111000111111000
11110000001110000001110000001110000001110
00010001000011111100011111100011111100011
11010011111011101111000000111000000111000
11010110001011000001000100001111110001111
11010011001010011101001111101110111100000
11010111001011001101011000101100000100010
11010001001010001101001100101001110100111
11010011001011101101011100101100110101100
11011001001011001101000100101000110100110
11000011001001101101001100101110110101110
11111001001111001101100100101100110100010
00000011000001101100001100100110110100110
11110111111111001111100100111100110110010
00011110000010000000001100000110110000110
11001101111000011111011111111100111110010
11101010001100100001111000001000000000110
00101011000101011100110111100001111101111
00101001110101001110101000110010000111100
00100010110101100010101100010101110011011
00111010110111010010100111010100111010100
00000100110001010010001011010110001010110
11110110111110110011101011011101001010011
00010010000010010000010011000101001000101
11011011111011011111011011111011001110101
11001000001001000001001000001001000001001
11100001001101111101101111101101111101101
00111101000111101100100000100100000100100
00000101110000101110000100110111110110111
11111010111110100011110100011110110010000
00000100000001010000010111000010111000010
11111001111110111111101011111010001111010
00000010000001100000010000000101000001011
11110101111111011111100111111011111110101
00011010000010100000001000000110000001000
11000101111001011111010111111101111110011
11111010001110100001101000001010000000100
00001011000001011100010111100101111101011
11101001111101001111101000111010000110100
00101100000101100000101100000101110001011
00100111110100111110100111110100111110100
00111110110110000010110000010110000010110
00000010110000010010011111010011111010011
11110100111111010011111011011000001011000
00011000000010110000001011000001001001111
11000001111001111111010011111101001111101
11110010001111100001100000001011000000101
00011011000011011100000111100111111101001
11001001111001001111001000111110000110000
11101100001101100001101100001101110000011
00101001000100111100100111100100111100100
00100011110101101110110000110110000110110
00111000110111000010100100010011110010011
00000000110001110010001111010110111011000
11111110111111110011100011011100001010010
00000010000000010000000011000111001000111
11111011111111011111111011111111001110001
00001000000001000000001000000001000000001
11101111111101111111101111111101111111101
00100000000100000000100000000100000000100
00111111110111111110111111110111111110111
00001110110000000010000000010000000010000
11100010111100010011111111011111111011111
00111010000111010000111011000000001000000
00001011110001011110001011110001001111111
11100110111101000011101000011101000011101
00111100000110010000101111000101111000101
00001001110000111110011011110100001110100
11101100111101100011110000011001000010111
00100110000100110000100111000011111001101
00110011110110011110110011110110001111000
00010110110011000010011000010011000010011
11010010111010010011001111011001111011001
11011010001011010001011011001100001001100
11000101001001011101001011101001001100111
11110101001110101101101000101101000101101
00011011000010101100010100100101110100101
11000111111001001111010100111010110110100
11111110001110000001101100001010110001010
00000011000000011100011111100100111101010
11111001111111001111111000111000000110110
00001100000001100000001100000001110001111
11100111111100111111100111111100111111100
00110000000110000000110000000110000000110
00011111110011111110011111110011111110011
11001110111000000011000000011000000011000
11101100001100010001111111001111111001111
00100111000100111100111011100000001100000
00110001110110001110110000110001000111111
00010010110011100010011100010011110011101
11011010111011010011000111011000111011000
11001010001001010001001011001110001001110
11100101001101011101101011101101001100011
00110101000110101100101000100101000100101
00010101110010101110010100110101110110101
11011010111010100011010100011010110010100
11000100001001010001010111001010111001010
11110111001110111101101011101010001101010
00011111000010001100010000100101000101011
11001111111000001111011100111011110110101
11101110001100000001111100001000110001000
00100011000100011100111111100000111101110
00111001110111001110111000110000000111110
00000010110001100010001100010001110011111
11111010111111010011100111011100111011100
00001010000001010000001011000110001000110
11101011111101011111101011111101001110011
00101000000101000000101000000101000000101
00101111110101111110101111110101111110101
00101110110100000010100000010100000010100
00100010110100010010111111010111111010111
00110100110111010010111011010000001010000
00010110110010110010001011010001001011111
11011100111010010011010011011101001011101
11001000001000110001011011001011001000101
11101111001101111101110011101001001101001
00101111000100001100100000100011000101101
00101111110100001110111100110111110111001
00100000110100000010111100010000110010000
00110000110111110010111111010000111011110
00011110110011110010000011010000001011110
11001100111000010011000011011111001011111
11101000001100110001111011001111001000001
00101111000101111100110011100001001100001
00100001110100001110100000110011000111101
00110010110111100010111100010111110011001
00011010110011010010000111010000111010000
11000100111001010011001011011110001011110
11111000001110110001101011001101001000011
00001111000001111100010011100101001100101
11100001111100001111100000111011000110101
00111100000111100000111100000111110001001
00000111110000111110000111110000111110000
11111110111110000011110000011110000011110
00001100000000010000011111000011111000011
11101001111100111111111011111000001111000
00100010000101100000110000000001000001111
00110101110111011110100111110011111111101
00010100110010100010001000010110000011000
11011000111010110011010111011101111010011
11000000001001110001010011001010001000100
11111111001111111101100011101011001101011
00001111000000001100000000100111000101001
11101111111100001111111100111111110110001
00101110000100000000111100000000110000000
00101101110100011110111111110000111111110
00100100110100100010111000010000000011110
00111000110110110010110111010001111011111
00001110110001110010010011010010001011100
11101100111100010011100011011011001011011
00101000000100110000111011000111001001001
00100001110101111110110011110001001110001
00111100110111100010100000010011000011101
00001000110000110010000111010111111011001
11101110111101110011110011011110001010000
00100010000100010000100011000011001000011
00111011110111011110111011110111001111001
00000110110001000010001000010001000010001
11110010111110010011101111011101111011101
00011010000011010000011011000100001000100
11001011111001011111001011111001001110111
11101000001101000001101000001101000001101
00100001000101111100101111100101111100101
00110011110111101110100000110100000110100
00011000110011000010000100010111110010111
11000000111001110011001111011110111010000
11110000001111110001100011001100001000010
00011111000011111100000011100111001100111
11000001111000001111000000111111000110001
11111100001111100001111100001111110000001
00001001000000111100000111100000111100000
11100011111101101111110000111110000111110
00110110000111000000100100000011110000011
00011101110010011110001111110110111111000
11000100111000100011011000011100000010010
11110110001110110001110111001001111000111
00011101000010011100010011100010001101100
11001011111000101111011000111011000111011
11100110001101000001110100001001110001001
00110011000110011100101111100010111101100
00011001110011001110011000110100000111010
11000010111001100011001100011001110010111
11110100001111010001100111001100111001100
00010111000010111100001011100110001100110
11010001111010001111010000111101000110011
11011100001011100001011100001011110000101
11001001001000111101000111101000111101000
11101101001101101101110000101110000101110
00101011000100101100100100100011110100011
00100111110101001110110100110110110111000
00110000110110000010101100010010110010010
00010000110011110010011111010100111011010
11011110111011110011000011011000001010110
11000010001000010001000011001111001001111
11110101001111011101111011101111001100001
00010101000010101100001000100001000100001
11010101111010101111010100111101110111101
11010100001010100001010100001010110000100
11011001001010111101010111101010111101010
11001101001001101101010000101010000101010
11101011001100101101100100101011110101011
00101001000101001100110100100110110101000
00101101110101101110101100110010110110010
00101010110100100010100100010100110011010
00101010110101010010110111010110111010110
00100100110101010010101011010010001010010
00110110110110110010101011010101001011011
00011100110010010010010011010101001010101
11000110111000110011011011011011001010101
11110010001110010001110011001001001001001
00010101000011011100011011100011001101101
11011011111010101111001000111001000111001
11000110001001000001010100001101110001101
11110011001110011101101111101010111100100
00010111000011001100011000100100000101010
11011111111010001111001100111001110110111
11001110001000000001011100001100110001100
11100011001100011101111111101000111100110
00110111000111001100111000100000000101110
00011111110010001110001100110001110111111
11000000111000000011011100011100110011100
11111110001111110001111111001000111000110
00001101000000011100000011100000001101110
11101011111100101111111000111111000111111
00100110000101000000110100000001110000001
00111101110110011110101111110010111111100
00000100110000100010011000010100000011010
11111000111110110011110111011001111010111
00000000000001110000010011000010001001100
11110001111111111111100011111011001111011
00010010000011100000000000000111000001001
11010101111011011111000111111111111110001
11011010001010100001001000001110000000000
